Adressa:
  bpr:
    dim: 100.0
    lam: 7.011439614047492e-06
  relmf:
    clip: 0.01639041939021016
    dim: 100.0
    lam: 1.0586149071898904e-07
  ubpr:
    beta: 0.0023407751833139324
    dim: 100.0
    lam: 3.841660685128071e-05
  wmf:
    dim: 100.0
    lam: 1.0116917938768408e-07
    weight: 0.9682271409862864
